38,52
38,51
38,50
38,49
38,48
38,47
38,46
38,45
38,44
38,43
38,42
38,41
38,40
38,39
38,38
38,37
38,36
38,35
36,5
36,4
36,3
36,2
36,1
36,0
35,3
35,2
35,1
35,0
34,3
34,2
34,1
34,0
20,3
20,2
20,1
19,3
19,2
19,1
18,3
18,1
17,3
17,2
17,1
16,3
16,2
16,1
15,3
15,2
15,1
14,3
14,1
13,3
13,1
12,3
12,2
12,1
11,3
11,2
11,1
10,3
10,2
10,1
9,3
9,2
9,1
8,3
8,2
8,1
3,3
3,2
3,1
2,3
2,2
2,1
0,408
0,273
0,270
0,0
38,34
38,33
38,32
38,31
38,30
38,29
38,28
38,27
38,26
38,25
38,24
38,23
38,22
38,21
38,20
38,19
38,18
38,17
38,16
38,15
38,14
38,13
38,12
38,11
